0   0.294133  0.189853
1   0.162242  0.294883
2   0.549791  0.558794
3   0.25895   0.56
4   0.344681  0.256609
5   0.961534  0.540978
6   0.277827  0.287783
7   0.30756   0.589776
8   0.315761  0.239893
9   0.371237  0.241675
10  0.199674  0.286548
11  0.34298   0.242261
12  0.636029  0.254933
13  0.237803  0.292561
14  0.318336  0.25146
15  0.422395  0.251122
16  0.201433  0.290174
17  0.26899   0.222596
18  0.563231  0.270863
19  0.232886  0.19368
20  0.294133  0.189853
21  0.162242  0.294883
22  0.549791  0.558794
23  0.25895   0.56
24  0.344681  0.256609
25  0.961534  0.540978
26  0.277827  0.287783
27  0.30756   0.589776
28  0.315761  0.239893
29  0.371237  0.241675
30  0.199674  0.286548
31  0.34298   0.242261
32  0.636029  0.254933
33  0.237803  0.292561
34  0.318336  0.25146
35  0.422395  0.251122
36  0.201433  0.290174
37  0.26899   0.222596
38  0.563231  0.270863
39  0.232886  0.19368
40  0.294133  0.189853
41  0.162242  0.294883
42  0.549791  0.558794
43  0.25895   0.56
44  0.344681  0.256609
45  0.961534  0.540978
46  0.277827  0.287783
47  0.30756   0.589776
48  0.315761  0.239893
49  0.371237  0.241675
50  0.199674  0.286548
51  0.34298   0.242261
52  0.636029  0.254933
53  0.237803  0.292561
54  0.318336  0.25146
55  0.422395  0.251122
56  0.201433  0.290174
57  0.26899   0.222596
58  0.563231  0.270863
59  0.232886  0.19368
60  0.294133  0.189853
61  0.162242  0.294883
62  0.549791  0.558794
63  0.25895   0.56
64  0.344681  0.256609
65  0.961534  0.540978
66  0.277827  0.287783
67  0.30756   0.589776
68  0.315761  0.239893
69  0.371237  0.241675
70  0.199674  0.286548
71  0.34298   0.242261
72  0.636029  0.254933
73  0.237803  0.292561
74  0.318336  0.25146
75  0.422395  0.251122
76  0.201433  0.290174
77  0.26899   0.222596
78  0.563231  0.270863
79  0.232886  0.19368
80  0.294133  0.189853
81  0.162242  0.294883
82  0.549791  0.558794
83  0.25895   0.56
84  0.344681  0.256609
85  0.961534  0.540978
86  0.277827  0.287783
87  0.30756   0.589776
88  0.315761  0.239893
89  0.371237  0.241675
90  0.199674  0.286548
91  0.34298   0.242261
92  0.636029  0.254933
93  0.237803  0.292561
94  0.318336  0.25146
95  0.422395  0.251122
96  0.201433  0.290174
97  0.26899   0.222596
98  0.563231  0.270863
99  0.232886  0.19368
