30000001
30000000
30000002
30000003
30000005
30000004
30000008
30000007
30000006
30000009
30000010
30000011
30000014
30000012
30000013
30000016
30000017
30000015
30000020
30000018
30000019
30000023
30000022
30000021
30000026
30000025
30000024
30000029
30000028
30000027
30000030
30000031
30000032
30000033
30000034
30000035
30000038
30000036
30000037
30000039
30000041
30000040
30000044
30000043
30000042
30000045
30000047
30000046
30000050
30000049
30000048
30000052
30000053
30000051
30000056
30000054
30000055
30000058
30000059
30000057
30000062
30000061
30000060
30000065
30000064
30000063
30000067
30000066
30000068
30000070
30000071
30000069
30000074
30000072
30000073
30000075
30000076
30000077
30000080
30000078
30000079
30000081
30000083
30000082
30000085
30000084
30000086
30000089
30000088
30000087
30000092
30000090
30000091
30000094
30000095
30000093
30000096
30000097
30000098
30000100
30000101
30000099
30000102
30000103
30000104
30000105
30000106
30000107
30000108
30000109
30000110
30000113
30000112
30000111
30000116
30000115
30000114
30000119
30000118
30000117
30000122
30000120
30000121
30000124
30000125
30000123
30000126
30000127
30000128
30000131
30000130
30000129
30000133
30000132
30000134
30000135
30000137
30000136
30000139
30000138
30000140
30000141
30000142
30000143
30000144
30000145
30000146
30000147
30000148
30000149
30000152
30000151
30000150
30000155
30000154
30000153
30000157
30000156
30000158
30000160
30000161
30000159
30000162
30000163
30000164
30000166
30000167
30000165
30000168
30000169
30000170
30000171
30000173
30000172
30000175
30000174
30000176
30000177
30000179
30000178
30000180
30000181
30000182
30000183
30000184
30000185
30000188
30000186
30000187
30000189
30000191
30000190
30000193
30000192
30000194
30000197
30000196
30000195
30000199
30000198
30000200
30000203
30000202
30000201
30000206
30000205
30000204
30000209
30000208
30000207
30000210
30000211
30000212
30000213
30000214
30000215
30000218
30000216
30000217
30000221
30000219
30000220
30000223
30000222
30000224
30000225
30000227
30000226
30000229
30000228
30000230
30000232
30000233
30000231
30000236
30000234
30000235
30000237
30000238
30000239
30000242
30000241
30000240
30000245
30000244
30000243
30000247
30000246
30000248
30000250
30000251
30000249
30000254
30000252
30000253
30000255
30000256
30000257
30000258
30000259
30000260
30000261
30000263
30000262
30000265
30000264
30000266
30000267
30000269
30000268
30000272
30000270
30000271
30000273
30000274
30000275
30000278
30000276
30000277
30000281
30000279
30000280
30000283
30000282
30000284
30000287
30000286
30000285
30000290
30000289
30000288
30000291
30000292
30000293
30000294
30000295
30000296
30000298
30000299
30000297
30000302
30000300
30000301
30000303
30000304
30000305
30000308
30000306
30000307
30000309
30000311
30000310
30000314
30000313
30000312
30000315
30000317
30000316
30000320
30000319
30000318
30000321
30000322
30000323
30000324
30000325
30000326
30000327
30000328
30000329
30000332
30000331
30000330
30000335
30000334
30000333
30000337
30000336
30000338
30000340
30000339
30000341
30000344
30000342
30000343
30000346
30000347
30000345
30000350
30000348
30000349
30000351
30000353
30000352
30000355
30000354
30000356
30000359
30000358
30000357
30000360
30000361
30000362
30000363
30000364
30000365
30000368
30000366
30000367
30000369
30000371
30000370
30000373
30000372
30000374
30000377
30000376
30000375
30000379
30000378
30000380
30000382
30000383
30000381
30000386
30000384
30000385
30000388
30000389
30000387
30000391
30000390
30000392
30000395
30000394
30000393
30000397
30000396
30000398
30000401
30000399
30000400
30000404
30000403
30000402
30000405
30000407
30000406
30000410
30000409
30000408
30000412
30000413
30000411
30000416
30000414
30000415
30000418
30000419
30000417
30000422
30000421
30000420
30000425
30000424
30000423
30000427
30000426
30000428
30000430
30000431
30000429
30000434
30000432
30000433
30000435
30000436
30000437
30000440
30000438
30000439
30000441
30000443
30000442
30000445
30000444
30000446
30000449
30000448
30000447
30000452
30000450
30000451
30000454
30000455
30000453
30000456
30000457
30000458
30000461
30000460
30000459
30000463
30000462
30000464
30000467
30000466
30000465
30000471
30000472
30000473
30000474
30000475
30000476
30000478
30000479
30000477
30000481
30000480
30000482
30000485
30000484
30000483
30000487
30000486
30000488
30000490
30000491
30000489
30000492
30000493
30000494
30000496
30000497
30000495
30000498
30000499
30000500
30000501
30000502
30000503
30000504
30000505
30000506
30000507
30000508
30000509
30000512
30000511
30000510
30000515
30000514
30000513
30000517
30000516
30000518
30000520
30000521
30000519
30000522
30000523
30000524
30000526
30000527
30000525
30000528
30000529
30000530
30000531
30000533
30000532
30000535
30000534
30000536
30000537
30000539
30000538
30000540
30000541
30000542
30000543
30000544
30000545
30000548
30000546
30000547
30000549
30000551
30000550
30000553
30000552
30000554
30000557
30000556
30000555
30000559
30000558
30000560
30000562
30000563
30000561
30000566
30000564
30000565
30000567
30000568
30000569
30000571
30000570
30000572
30000573
30000575
30000574
30000578
30000577
30000576
30000579
30000580
30000581
30000584
30000582
30000583
30000585
30000586
30000587
30000588
30000589
30000590
30000593
30000592
30000591
30000596
30000595
30000594
30000597
30000599
30000598
30000602
30000601
30000600
30000605
30000604
30000603
30000607
30000606
30000608
30000610
30000611
30000609
30000614
30000612
30000613
30000615
30000616
30000617
30000618
30000619
30000620
30000621
30000623
30000622
30000625
30000624
30000626
30000627
30000629
30000628
30000632
30000630
30000631
30000633
30000634
30000635
30000638
30000636
30000637
30000641
30000639
30000640
30000643
30000642
30000644
30000647
30000646
30000645
30000650
30000649
30000648
30000651
30000652
30000653
30000654
30000655
30000656
30000658
30000659
30000657
30000661
30000660
30000662
30000663
30000665
30000664
30000668
30000667
30000666
30000669
30000670
30000671
30000674
30000672
30000673
30000676
30000677
30000675
30000680
30000678
30000679
30000683
30000682
30000681
30000686
30000685
30000684
30000687
30000689
30000688
30000690
30000691
30000692
30000694
30000695
30000693
30000696
30000697
30000698
30000699
30000700
30000701
30000704
30000702
30000703
30000706
30000707
30000705
30000710
30000708
30000709
30000711
30000713
30000712
30000715
30000714
30000716
30000719
30000718
30000717
30000720
30000721
30000722
30000723
30000724
30000725
30000728
30000726
30000727
30000729
30000731
30000730
30000733
30000732
30000734
30000737
30000736
30000735
30000739
30000738
30000740
30000742
30000743
30000741
30000746
30000744
30000745
30000748
30000749
30000747
30000751
30000750
30000752
30000755
30000754
30000753
30000757
30000756
30000758
30000760
30000759
30000761
30000764
30000762
30000763
30000765
30000766
30000767
30000768
30000769
30000770
30000773
30000772
30000771
30000776
30000775
30000774
30000777
30000779
30000778
30000782
30000780
30000781
30000784
30000785
30000783
30000786
30000787
30000788
30000791
30000790
30000789
30000793
30000792
30000794
30000795
30000797
30000796
30000799
30000798
30000800
30000801
30000803
30000802
30000805
30000804
30000806
30000809
30000808
30000807
30000812
30000810
30000811
30000814
30000815
30000813
30000816
30000817
30000818
30000821
30000820
30000819
30000823
30000822
30000824
30000827
30000826
30000825
30000830
30000829
30000828
30000831
30000832
30000833
30000834
30000835
30000836
30000838
30000839
30000837
30000841
30000840
30000842
30000845
30000844
30000843
30000847
30000846
30000848
30000850
30000851
30000849
30000852
30000853
30000854
30000856
30000857
30000855
30000858
30000859
30000860
30000863
30000862
30000861
30000866
30000865
30000864
30000867
30000869
30000868
30000870
30000871
30000872
30000874
30000875
30000873
30000876
30000877
30000878
30000881
30000880
30000879
30000883
30000882
30000884
30000885
30000887
30000886
30000889
30000888
30000890
30000892
30000893
30000891
30000896
30000894
30000895
30000897
30000898
30000899
30000900
30000901
30000902
30000903
30000904
30000905
30000908
30000906
30000907
30000909
30000911
30000910
30000913
30000912
30000914
30000917
30000916
30000915
30000919
30000918
30000920
30000922
30000923
30000921
30000926
30000924
30000925
30000927
30000928
30000929
30000931
30000930
30000932
30000933
30000935
30000934
30000938
30000937
30000936
30000939
30000940
30000941
30000944
30000942
30000943
30000945
30000946
30000947
30000948
30000949
30000950
30000953
30000952
30000951
30000956
30000955
30000954
30000957
30000959
30000958
30000962
30000960
30000961
30000963
30000964
30000965
30000968
30000966
30000967
30000969
30000971
30000970
30000974
30000973
30000972
30000975
30000977
30000976
30000980
30000979
30000978
30000981
30000982
30000983
30000984
30000985
30000986
30000988
30000989
30000987
30000992
30000991
30000990
30000993
30000995
30000994
30000998
30000997
30000996
30000999
30001000
30001001
30001006
30001007
30001005
30001010
30001008
30001009
30001011
30001013
30001012
30001015
30001014
30001016
30001019
30001018
30001017
30001020
30001021
30001022
30001023
30001024
30001025
30001028
30001026
30001027
30001029
30001031
30001030
30001033
30001032
30001034
30001037
30001036
30001035
30001039
30001038
30001040
30001042
30001043
30001041
30001046
30001044
30001045
30001048
30001049
30001047
30001051
30001050
30001052
30001055
30001054
30001053
30001057
30001056
30001058
30001060
30001059
30001061
30001064
30001062
30001063
30001065
30001066
30001067
30001068
30001069
30001070
30001073
30001072
30001071
30001076
30001075
30001074
30001077
30001079
30001078
30001082
30001080
30001081
30001084
30001085
30001083
30001086
30001087
30001088
30001091
30001090
30001089
30001093
30001092
30001094
30001095
30001097
30001096
30001099
30001098
30001100
30001103
30001102
30001101
30001106
30001105
30001104
30001107
30001109
30001108
30001110
30001111
30001112
30001114
30001115
30001113
30001116
30001117
30001118
30001121
30001119
30001120
30001124
30001123
30001122
30001125
30001127
30001126
30001130
30001129
30001128
30001132
30001133
30001131
30001136
30001134
30001135
30001138
30001139
30001137
30001142
30001141
30001140
30001143
30001145
30001144
30001148
30001147
30001146
30001150
30001151
30001149
30001152
30001153
30001154
30001155
30001156
30001157
30001158
30001159
30001160
30001161
30001163
30001162
30001165
30001164
30001166
30001169
30001168
30001167
30001172
30001170
30001171
30001174
30001175
30001173
30001176
30001177
30001178
30001180
30001181
30001179
30001184
30001183
30001182
30001187
30001186
30001185
30001190
30001189
30001188
30001191
30001192
30001193
30001194
30001195
30001196
30001197
30001198
30001199
30001200
30001201
30001202
30001204
30001205
30001203
30001206
30001207
30001208
30001209
30001211
30001210
30001214
30001213
30001212
30001217
30001216
30001215
30001220
30001219
30001218
30001222
30001223
30001221
30001226
30001224
30001225
30001228
30001229
30001227
30001231
30001230
30001232
30001235
30001234
30001233
30001237
30001236
30001238
30001240
30001241
30001239
30001242
30001243
30001244
30001245
30001246
30001247
30001248
30001249
30001250
30001253
30001252
30001251
30001256
30001255
30001254
30001259
30001258
30001257
30001262
30001260
30001261
30001264
30001265
30001263
30001266
30001267
30001268
30001271
30001270
30001269
30001273
30001272
30001274
30001275
30001277
30001276
30001279
30001278
30001280
30001281
30001282
30001283
30001284
30001285
30001286
30001287
30001288
30001289
30001292
30001291
30001290
30001295
30001294
30001293
30001297
30001296
30001298
30001301
30001300
30001299
30001304
30001303
30001302
30001305
30001307
30001306
30001310
30001309
30001308
30001312
30001313
30001311
30001316
30001314
30001315
30001318
30001319
30001317
30001322
30001321
30001320
30001325
30001324
30001323
30001327
30001326
30001328
30001330
30001331
30001329
30001334
30001332
30001333
30001335
30001336
30001337
30001340
30001338
30001339
30001341
30001343
30001342
30001345
30001344
30001346
30001349
30001348
30001347
30001352
30001350
30001351
30001354
30001355
30001353
30001356
30001357
30001358
30001361
30001360
30001359
30001363
30001362
30001364
30001367
30001366
30001365
30001370
30001369
30001368
30001371
30001372
30001373
30001374
30001375
30001376
30001378
30001379
30001377
30001381
30001380
30001382
30001385
30001384
30001383
30001387
30001386
30001388
30001390
30001391
30001389
30001392
30001393
30001394
30001396
30001397
30001395
30001398
30001399
30001400
30001402
30001403
30001401
30001406
30001404
30001405
30001408
30001409
30001407
30001411
30001410
30001412
30001415
30001414
30001413
30001417
30001416
30001418
30001420
30001419
30001421
30001424
30001422
30001423
30001425
30001426
30001427
30001428
30001429
30001430
30001433
30001432
30001431
30001436
30001435
30001434
30001437
30001439
30001438
30001442
30001440
30001441
30001444
30001445
30001443
30001446
30001447
30001448
30001451
30001450
30001449
30001453
30001452
30001454
30001455
30001457
30001456
30001459
30001458
30001460
30001461
30001462
30001463
30001464
30001465
30001466
30001468
30001469
30001467
30001472
30001471
30001470
30001473
30001475
30001474
30001478
30001477
30001476
30001479
30001481
30001480
30001482
30001483
30001484
30001486
30001487
30001485
30001488
30001489
30001490
30001491
30001493
30001492
30001495
30001494
30001496
30001497
30001499
30001498
30001502
30001501
30001500
30001503
30001505
30001504
30001508
30001507
30001506
30001510
30001511
30001509
30001512
30001513
30001514
30001515
30001516
30001517
30001518
30001519
30001520
30001521
30001523
30001522
30001525
30001524
30001526
30001529
30001528
30001527
30001532
30001530
30001531
30001534
30001535
30001533
30001536
30001537
30001538
30001540
30001541
30001539
30001544
30001543
30001542
30001547
30001546
30001545
30001550
30001549
30001548
30001551
30001552
30001553
30001554
30001555
30001556
30001557
30001558
30001559
30001561
30001560
30001562
30001565
30001564
30001563
30001567
30001566
30001568
30001570
30001571
30001569
30001572
30001573
30001574
30001576
30001577
30001575
30001578
30001579
30001580
30001583
30001582
30001581
30001586
30001585
30001584
30001589
30001588
30001587
30001590
30001591
30001592
30001593
30001594
30001595
30001598
30001596
30001597
30001600
30001599
30001601
30001602
30001603
30001604
30001605
30001606
30001607
30001608
30001609
30001610
30001613
30001612
30001611
30001616
30001615
30001614
30001619
30001618
30001617
30001622
30001620
30001621
30001624
30001625
30001623
30001626
30001627
30001628
30001631
30001630
30001629
30001633
30001632
30001634
30001635
30001637
30001636
30001639
30001638
30001640
30001641
30001642
30001643
30001644
30001645
30001646
30001647
30001648
30001649
30001652
30001651
30001650
30001655
30001654
30001653
30001657
30001656
30001658
30001660
30001661
30001659
30001662
30001663
30001664
30001666
30001667
30001665
30001668
30001669
30001670
30001671
30001673
30001672
30001675
30001674
30001676
30001677
30001679
30001678
30001680
30001681
30001682
30001683
30001684
30001685
30001688
30001686
30001687
30001689
30001691
30001690
30001693
30001692
30001694
30001697
30001696
30001695
30001700
30001699
30001698
30001701
30001703
30001702
30001705
30001704
30001706
30001709
30001708
30001707
30001712
30001710
30001711
30001714
30001715
30001713
30001716
30001717
30001718
30001721
30001720
30001719
30001723
30001722
30001724
30001727
30001726
30001725
30001730
30001729
30001728
30001731
30001732
30001733
30001734
30001735
30001736
30001738
30001739
30001737
30001741
30001740
30001742
30001745
30001744
30001743
30001747
30001746
30001748
30001750
30001751
30001749
30001752
30001753
30001754
30001756
30001757
30001755
30001758
30001759
30001760
30001763
30001762
30001761
30001766
30001765
30001764
30001767
30001769
30001768
30001770
30001771
30001772
30001774
30001775
30001773
30001776
30001777
30001778
30001781
30001780
30001779
30001783
30001782
30001784
30001785
30001787
30001786
30001789
30001788
30001790
30001792
30001793
30001791
30001796
30001794
30001795
30001797
30001798
30001799
30001802
30001800
30001801
30001804
30001805
30001803
30001806
30001807
30001808
30001811
30001810
30001809
30001813
30001812
30001814
30001815
30001817
30001816
30001819
30001818
30001820
30001821
30001822
30001823
30001824
30001825
30001826
30001828
30001829
30001827
30001832
30001831
30001830
30001833
30001835
30001834
30001838
30001837
30001836
30001839
30001841
30001840
30001842
30001843
30001844
30001846
30001847
30001845
30001848
30001849
30001850
30001851
30001853
30001852
30001855
30001854
30001856
30001857
30001859
30001858
30001860
30001861
30001862
30001864
30001865
30001863
30001866
30001867
30001868
30001869
30001871
30001870
30001874
30001873
30001872
30001877
30001876
30001875
30001880
30001879
30001878
30001882
30001883
30001881
30001886
30001884
30001885
30001887
30001888
30001889
30001891
30001890
30001892
30001893
30001895
30001894
30001898
30001897
30001896
30001899
30001901
30001900
30001904
30001903
30001902
30001907
30001906
30001905
30001910
30001909
30001908
30001911
30001912
30001913
30001914
30001915
30001916
30001917
30001918
30001919
30001921
30001920
30001922
30001925
30001924
30001923
30001927
30001926
30001928
30001930
30001931
30001929
30001932
30001933
30001934
30001936
30001937
30001935
30001940
30001938
30001939
30001943
30001942
30001941
30001946
30001945
30001944
30001949
30001948
30001947
30001950
30001951
30001952
30001953
30001954
30001955
30001958
30001956
30001957
30001961
30001959
30001960
30001963
30001962
30001964
30001965
30001967
30001966
30001969
30001968
30001970
30001972
30001973
30001971
30001976
30001974
30001975
30001977
30001978
30001979
30001982
30001981
30001980
30001985
30001984
30001983
30001987
30001986
30001988
30001990
30001991
30001989
30001994
30001992
30001993
30001995
30001996
30001997
30002000
30001998
30001999
30002003
30002002
30002001
30002006
30002005
30002004
30002009
30002008
30002007
30002010
30002011
30002012
30002013
30002014
30002015
30002018
30002016
30002017
30002021
30002019
30002020
30002023
30002022
30002024
30002025
30002027
30002026
30002029
30002028
30002030
30002032
30002033
30002031
30002036
30002034
30002035
30002037
30002038
30002039
30002042
30002041
30002040
30002045
30002044
30002043
30002047
30002046
30002048
30002050
30002051
30002049
30002054
30002052
30002053
30002055
30002056
30002057
30002058
30002059
30002060
30002061
30002063
30002062
30002065
30002064
30002066
30002067
30002069
30002068
30002072
30002070
30002071
30002073
30002074
30002075
30002078
30002076
30002077
30002080
30002079
30002081
30002083
30002082
30002084
30002087
30002086
30002085
30002090
30002089
30002088
30002091
30002092
30002093
30002094
30002095
30002096
30002098
30002099
30002097
30002102
30002100
30002101
30002103
30002104
30002105
30002108
30002106
30002107
30002109
30002111
30002110
30002114
30002113
30002112
30002115
30002117
30002116
30002120
30002119
30002118
30002121
30002122
30002123
30002124
30002125
30002126
30002127
30002128
30002129
30002132
30002131
30002130
30002135
30002134
30002133
30002137
30002136
30002138
30002140
30002139
30002141
30002144
30002142
30002143
30002146
30002147
30002145
30002150
30002148
30002149
30002151
30002153
30002152
30002155
30002154
30002156
30002159
30002158
30002157
30002160
30002161
30002162
30002163
30002164
30002165
30002168
30002166
30002167
30002169
30002171
30002170
30002173
30002172
30002174
30002177
30002176
30002175
30002179
30002178
30002180
30002182
30002183
30002181
30002186
30002184
30002185
30002188
30002189
30002187
30002191
30002190
30002192
30002195
30002194
30002193
30002197
30002196
30002198
30002201
30002200
30002199
30002203
30002202
30002204
30002205
30002207
30002206
30002209
30002208
30002210
30002212
30002213
30002211
30002216
30002214
30002215
30002217
30002218
30002219
30002222
30002221
30002220
30002223
30002225
30002224
30002228
30002227
30002226
30002230
30002231
30002229
30002232
30002233
30002234
30002235
30002236
30002237
30002238
30002239
30002240
30002241
30002243
30002242
30002245
30002244
30002246
30002247
30002249
30002248
30002252
30002250
30002251
30002253
30002254
30002255
30002258
30002256
30002257
30002259
30002261
30002260
30002264
30002263
30002262
30002267
30002266
30002265
30002270
30002269
30002268
30002271
30002272
30002273
30002274
30002275
30002276
30002277
30002278
30002279
30002281
30002280
30002282
30002283
30002285
30002284
30002288
30002287
30002286
30002289
30002290
30002291
30002294
30002292
30002293
30002296
30002297
30002295
30002300
30002298
30002299
30002301
30002302
30002303
30002304
30002305
30002306
30002308
30002309
30002307
30002312
30002311
30002310
30002313
30002315
30002314
30002318
30002317
30002316
30002319
30002320
30002321
30002324
30002322
30002323
30002326
30002327
30002325
30002330
30002328
30002329
30002331
30002333
30002332
30002335
30002334
30002336
30002339
30002338
30002337
30002340
30002341
30002342
30002344
30002345
30002343
30002346
30002347
30002348
30002349
30002351
30002350
30002354
30002353
30002352
30002357
30002356
30002355
30002360
30002359
30002358
30002362
30002363
30002361
30002366
30002364
30002365
30002368
30002369
30002367
30002371
30002370
30002372
30002375
30002374
30002373
30002377
30002376
30002378
30002380
30002381
30002379
30002382
30002383
30002384
30002385
30002386
30002387
30002388
30002389
30002390
30002393
30002392
30002391
30002396
30002395
30002394
30002399
30002398
30002397
30002402
30002401
30002400
30002405
30002404
30002403
30002407
30002406
30002408
30002410
30002411
30002409
30002412
30002413
