concurrency    TP50_resp_time(ms)    TP90_resp_time(ms)    QPS     success_rate
10    108.0    156.0    90.9090909091    100.0
20    144.0    197.0    133.333333333    100.0
30    185.0    288.0    150.0    100.0
40    214.0    301.0    173.913043478    100.0
50    248.0    363.0    192.307692308    100.0
60    294.0    459.0    187.5    100.0
70    303.0    417.0    212.03030303    99.9571428571
80    362.0    521.0    205.076923077    99.975
90    385.0    555.0    219.463414634    99.9777777778
100    422.0    562.0    227.272727273    100.0
110    475.0    651.0    220.0    100.0
120    509.0    641.0    230.769230769    100.0
130    564.0    750.0    220.338983051    100.0
