concurrency    TP50_resp_time(ms)    TP90_resp_time(ms)     QPS    success_rate
50    1288.0    1643.0    37.3134328358    100.0
60    1512.0    1773.0    38.961038961    99.9833333333
70    1787.0    2034.0    38.8888888889    100.0
80    1889.0    2248.0    31.0471204188    74.125
90    2434.0    2819.0    31.0247933884    83.4222222222
100    2583.0    3163.0    30.7519083969    80.57
110    2888.0    3403.0    31.0413793103    81.8363636364
120    3413.0    4831.0    23.15625    61.75
130    3744.0    5470.0    16.4194756554    33.7230769231
140    358.0    3834.0    11.86    4.23571428571
150    3657.0    6374.0    7.42857142857    0.693333333333
160    4532.0    6795.0    5.85714285714    0.5125
170    4855.0    6653.0    5.35714285714    0.441176470588
180    5486.0    6735.0    4.14285714286    0.322222222222
190    5481.0    6791.0    3.85714285714    0.284210526316
200    5848.0    7018.0    2.85714285714    0.2
210    6340.0    6815.0    1.78571428571    0.119047619048
220    6684.0    7038.0    1.0    0.0636363636364
